0
0
0
0
0
0
0
0
0
0
0
0
0
0
0
0
0
0
0
0
0
0
0
0
0
0
0
0
0
0
0
0
0
0
0
0
0
0
0
0
0
0
0
0
0
0
0
0
0
0
0
0
0
0
0
0
0
0
0
0
0
0
0
0
0
0
0
0
0
0
0
0
0
0
0
0
0
0
0
0
0
0
0
0
0
0
0
0
0
0
0
0
0
0
0
0
0
0
0
0
0
1.02418
1.99841
2.92513
3.80665
4.64518
5.44282
6.20155
6.92328
7.60981
8.26286
8.88405
9.47496
10.037
10.5717
11.0803
11.5641
12.0243
12.462
12.8784
13.2745
13.6513
14.0097
14.3506
14.6749
14.9834
15.2768
15.556
15.8215
16.074
16.3143
16.5428
16.7602
16.967
17.1636
17.3507
17.5287
17.698
17.8591
18.0122
18.158
18.2966
18.4284
18.5538
18.6731
18.7866
18.8946
18.9972
19.0949
19.1878
19.2762
19.3603
19.4403
19.5163
19.5887
19.6575
19.723
19.7853
19.8445
19.9009
19.9545
20
0
0
1.02418
1.99841
2.92513
3.80665
4.64518
5.44282
6.20155
6.92328
7.60981
8.26286
8.88405
9.47496
10.037
10.5717
11.0803
11.5641
12.0243
12.462
12.8784
13.2745
13.6513
14.0097
14.3506
14.6749
14.9834
15.2768
15.556
15.8215
16.074
16.3143
16.5428
16.7602
16.967
17.1636
17.3507
17.5287
17.698
17.8591
18.0122
18.158
18.2966
18.4284
18.5538
18.6731
18.7866
18.8946
18.9972
19.0949
19.1878
19.2762
19.3603
19.4403
19.5163
19.5887
19.6575
19.723
19.7853
19.8445
19.9009
19.9545
20
0
0
1.02418
1.99841
2.92513
3.80665
4.64518
5.44282
6.20155
6.92328
7.60981
8.26286
8.88405
9.47496
10.037
10.5717
11.0803
11.5641
12.0243
12.462
12.8784
13.2745
13.6513
14.0097
14.3506
14.6749
14.9834
15.2768
15.556
15.8215
16.074
16.3143
16.5428
16.7602
16.967
17.1636
17.3507
17.5287
17.698
17.8591
18.0122
18.158
18.2966
18.4284
18.5538
18.6731
18.7866
18.8946
18.9972
19.0949
19.1878
19.2762
19.3603
19.4403
19.5163
19.5887
19.6575
19.723
19.7853
19.8445
19.9009
19.9545
20
0
0
1.02418
1.99841
2.92513
3.80665
4.64518
5.44282
6.20155
6.92328
7.60981
8.26286
8.88405
9.47496
10.037
10.5717
11.0803
11.5641
12.0243
12.462
12.8784
13.2745
13.6513
14.0097
14.3506
14.6749
14.9834
15.2768
15.556
15.8215
16.074
16.3143
16.5428
16.7602
16.967
17.1636
17.3507
17.5287
17.698
17.8591
18.0122
18.158
18.2966
18.4284
18.5538
18.6731
18.7866
18.8946
18.9972
19.0949
19.1878
19.2762
19.3603
19.4403
19.5163
19.5887
19.6575
19.723
19.7853
19.8445
19.9009
19.9545
20
0
0
1.02418
1.99841
2.92513
3.80665
4.64518
5.44282
6.20155
6.92328
7.60981
8.26286
8.88405
9.47496
10.037
10.5717
11.0803
11.5641
12.0243
12.462
12.8784
13.2745
13.6513
14.0097
14.3506
14.6749
14.9834
15.2768
15.556
15.8215
16.074
16.3143
16.5428
16.7602
16.967
17.1636
17.3507
17.5287
17.698
17.8591
18.0122
18.158
18.2966
18.4284
18.5538
18.6731
18.7866
18.8946
18.9972
19.0949
19.1878
19.2762
19.3603
19.4403
19.5163
19.5887
19.6575
19.723
19.7853
19.8445
19.9009
19.9545
20
0
0
1.02418
1.99841
2.92513
3.80665
4.64518
5.44282
6.20155
6.92328
7.60981
8.26286
8.88405
9.47496
10.037
10.5717
11.0803
11.5641
12.0243
12.462
12.8784
13.2745
13.6513
14.0097
14.3506
14.6749
14.9834
15.2768
15.556
15.8215
16.074
16.3143
16.5428
16.7602
16.967
17.1636
17.3507
17.5287
17.698
17.8591
18.0122
18.158
18.2966
18.4284
18.5538
18.6731
18.7866
18.8946
18.9972
19.0949
19.1878
19.2762
19.3603
19.4403
19.5163
19.5887
19.6575
19.723
19.7853
19.8445
19.9009
19.9545
20
0
0
1.02418
1.99841
2.92513
3.80665
4.64518
5.44282
6.20155
6.92328
7.60981
8.26286
8.88405
9.47496
10.037
10.5717
11.0803
11.5641
12.0243
12.462
12.8784
13.2745
13.6513
14.0097
14.3506
14.6749
14.9834
15.2768
15.556
15.8215
16.074
16.3143
16.5428
16.7602
16.967
17.1636
17.3507
17.5287
17.698
17.8591
18.0122
18.158
18.2966
18.4284
18.5538
18.6731
18.7866
18.8946
18.9972
19.0949
19.1878
19.2762
19.3603
19.4403
19.5163
19.5887
19.6575
19.723
19.7853
19.8445
19.9009
19.9545
20
0
0
1.02418
1.99841
2.92513
3.80665
4.64518
5.44282
6.20155
6.92328
7.60981
8.26286
8.88405
9.47496
10.037
10.5717
11.0803
11.5641
12.0243
12.462
12.8784
13.2745
13.6513
14.0097
14.3506
14.6749
14.9834
15.2768
15.556
15.8215
16.074
16.3143
16.5428
16.7602
16.967
17.1636
17.3507
17.5287
17.698
17.8591
18.0122
18.158
18.2966
18.4284
18.5538
18.6731
18.7866
18.8946
18.9972
19.0949
19.1878
19.2762
19.3603
19.4403
19.5163
19.5887
19.6575
19.723
19.7853
19.8445
19.9009
19.9545
20
0
0
1.02418
1.99841
2.92513
3.80665
4.64518
5.44282
6.20155
6.92328
7.60981
8.26286
8.88405
9.47496
10.037
10.5717
11.0803
11.5641
12.0243
12.462
12.8784
13.2745
13.6513
14.0097
14.3506
14.6749
14.9834
15.2768
15.556
15.8215
16.074
16.3143
16.5428
16.7602
16.967
17.1636
17.3507
17.5287
17.698
17.8591
18.0122
18.158
18.2966
18.4284
18.5538
18.6731
18.7866
18.8946
18.9972
19.0949
19.1878
19.2762
19.3603
19.4403
19.5163
19.5887
19.6575
19.723
19.7853
19.8445
19.9009
19.9545
20
0
0
1.02418
1.99841
2.92513
3.80665
4.64518
5.44282
6.20155
6.92328
7.60981
8.26286
8.88405
9.47496
10.037
10.5717
11.0803
11.5641
12.0243
12.462
12.8784
13.2745
13.6513
14.0097
14.3506
14.6749
14.9834
15.2768
15.556
15.8215
16.074
16.3143
16.5428
16.7602
16.967
17.1636
17.3507
17.5287
17.698
17.8591
18.0122
18.158
18.2966
18.4284
18.5538
18.6731
18.7866
18.8946
18.9972
19.0949
19.1878
19.2762
19.3603
19.4403
19.5163
19.5887
19.6575
19.723
19.7853
19.8445
19.9009
19.9545
20
0
0
1.02418
1.99841
2.92513
3.80665
4.64518
5.44282
6.20155
6.92328
7.60981
8.26286
8.88405
9.47496
10.037
10.5717
11.0803
11.5641
12.0243
12.462
12.8784
13.2745
13.6513
14.0097
14.3506
14.6749
14.9834
15.2768
15.556
15.8215
16.074
16.3143
16.5428
16.7602
16.967
17.1636
17.3507
17.5287
17.698
17.8591
18.0122
18.158
18.2966
18.4284
18.5538
18.6731
18.7866
18.8946
18.9972
19.0949
19.1878
19.2762
19.3603
19.4403
19.5163
19.5887
19.6575
19.723
19.7853
19.8445
19.9009
19.9545
20
0
0
1.02418
1.99841
2.92513
3.80665
4.64518
5.44282
6.20155
6.92328
7.60981
8.26286
8.88405
9.47496
10.037
10.5717
11.0803
11.5641
12.0243
12.462
12.8784
13.2745
13.6513
14.0097
14.3506
14.6749
14.9834
15.2768
15.556
15.8215
16.074
16.3143
16.5428
16.7602
16.967
17.1636
17.3507
17.5287
17.698
17.8591
18.0122
18.158
18.2966
18.4284
18.5538
18.6731
18.7866
18.8946
18.9972
19.0949
19.1878
19.2762
19.3603
19.4403
19.5163
19.5887
19.6575
19.723
19.7853
19.8445
19.9009
19.9545
20
0
0
1.02418
1.99841
2.92513
3.80665
4.64518
5.44282
6.20155
6.92328
7.60981
8.26286
8.88405
9.47496
10.037
10.5717
11.0803
11.5641
12.0243
12.462
12.8784
13.2745
13.6513
14.0097
14.3506
14.6749
14.9834
15.2768
15.556
15.8215
16.074
16.3143
16.5428
16.7602
16.967
17.1636
17.3507
17.5287
17.698
17.8591
18.0122
18.158
18.2966
18.4284
18.5538
18.6731
17.7624
16.8962
16.0721
15.2883
14.5427
13.8334
13.1587
12.517
11.9065
11.3258
10.7735
10.248
9.74823
9.2728
8.82056
8.39038
7.98118
7.59193
7.22167
6.86946
6.53443
6.21575
5.9126
5.62424
5.34994
5.08902
4.84083
4.60474
4.38016
4.16654
3.96333
3.77004
3.58617
3.41127
3.2449
3.08665
2.93611
2.79291
2.6567
2.52713
2.40388
2.28665
2.17512
2.06904
1.96813
1.87215
1.78084
1.69399
1.61137
1.53278
1.45803
1.38692
1.31928
1.25494
1.19373
1.13551
1.08013
1.02746
0.977346
0.929681
0.88434
0.84121
0.800183
0.761158
0.724036
0.688724
0.655135
0.623184
0.592791
0.56388
0.536379
0.51022
0.485336
0.461666
0.43915
0.417732
0.397359
0.37798
0.359546
0.34201
0.32533
0.309464
0.294371
0.280014
0.266358
0.253368
0.241011
0.229256
0.218075
0.20744
0.197323
0.187699
0.178545
0.169837
0.161554
0.153675
0.14618
0.139051
0.132269
0.125819
0.119682
0.113845
0.108293
0.103012
0.0979876
0.0932087
0.0886629
0.0843387
0.0802255
0.0763128
0.072591
0.0690507
0.0656831
0.0624797
0.0594325
0.0565339
0.0537767
0.051154
0.0486592
0.0462861
0.0440287
0.0418814
0.0398388
0.0378958
0.0360476
0.0342896
0.0326172
0.0310265
0.0295133
0.0280739
0.0267047
0.0254023
0.0241634
0.022985
0.021864
0.0207977
0.0197834
0.0188185
0.0179007
0.0170277
0.0161972
0.0154073
0.0146559
0.0139411
0.0132612
0.0126144
0.0119992
0.011414
0.0108573
0.0103278
0.00982412
0.009345
0.00888924
0.0084557
0.00804331
0.00765104
0.00727789
0.00692294
0.00658531
0.00626414
0.00595863
0.00566803
0.00539159
0.00512864
0.00487852
0.00464059
0.00441426
0.00419898
0.00399419
0.00379939
0.00361409
0.00343783
0.00327017
0.00311068
0.00295897
0.00281466
0.00267739
0.00254681
0.0024226
0.00230445
0.00219206
0.00208515
0.00198346
0.00188672
0.00179471
0.00170718
0.00162392
0.00154472
0.00146938
0.00139772
0.00132955
0.00126471
0.00120303
0.00114435
0.00108854
0.00103546
0.000984955
0.000936919
0.000891224
0.000847759
0.000806413
0.000767084
0.000729673
0.000694086
0.000660235
0.000628035
0.000597406
0.00056827
0.000540555
0.000514192
0.000489114
0.00046526
0.000442569
0.000420985
0.000400453
0.000380923
0.000362345
0.000344673
0.000327863
0.000311873
0.000296663
0.000282194
0.000268432
0.00025534
0.000242887
0.000231041
0.000219773
0.000209055
0.000198859
0.000189161
0.000179935
0.00017116
0.000162812
0.000154872
0.000147318
0.000140134
0.000133299
0.000126798
0.000120614
0.000114732
0.000109136
0.000103814
9.87505e-05
9.39344e-05
8.93531e-05
8.49953e-05
8.08501e-05
7.6907e-05
7.31562e-05
6.95883e-05
6.61944e-05
6.29661e-05
5.98952e-05
5.69741e-05
5.41954e-05
5.15523e-05
4.9038e-05
4.66464e-05
4.43715e-05
4.22074e-05
4.0149e-05
3.81909e-05
3.63283e-05
3.45565e-05
3.28712e-05
3.1268e-05
2.97431e-05
2.82925e-05
2.69126e-05
2.56001e-05
2.43516e-05
2.31639e-05
2.20342e-05
2.09596e-05
1.99374e-05
1.8965e-05
1.80401e-05
1.71603e-05
1.63233e-05
1.55272e-05
1.477e-05
1.40496e-05
1.33644e-05
1.27126e-05
1.20926e-05
1.15029e-05
1.09419e-05
1.04082e-05
9.90061e-06
9.41775e-06
8.95844e-06
8.52153e-06
8.10593e-06
7.7106e-06
7.33455e-06
6.97684e-06
6.63658e-06
6.31291e-06
6.00502e-06
5.71215e-06
5.43357e-06
5.16857e-06
4.9165e-06
4.67672e-06
4.44863e-06
4.23167e-06
4.02529e-06
3.82897e-06
3.64223e-06
3.4646e-06
3.29563e-06
3.1349e-06
2.98201e-06
2.83657e-06
2.69823e-06
2.56664e-06
2.44146e-06
2.32239e-06
2.20912e-06
2.10138e-06
1.9989e-06
1.90141e-06
1.80868e-06
1.72047e-06
1.63656e-06
1.55674e-06
1.48082e-06
1.4086e-06
1.3399e-06
1.27455e-06
1.21239e-06
1.15326e-06
1.09702e-06
1.04352e-06
9.92624e-07
9.44213e-07
8.98163e-07
8.54359e-07
8.12692e-07
7.73056e-07
7.35354e-07
6.9949e-07
6.65376e-07
6.32925e-07
6.02057e-07
5.72694e-07
5.44763e-07
5.18195e-07
4.92922e-07
4.68882e-07
4.46015e-07
4.24262e-07
4.03571e-07
3.83888e-07
3.65166e-07
3.47356e-07
3.30416e-07
3.14301e-07
2.98973e-07
2.84391e-07
2.70522e-07
2.57328e-07
2.44778e-07
2.3284e-07
2.21484e-07
2.10682e-07
2.00407e-07
1.90633e-07
1.81336e-07
1.72492e-07
1.6408e-07
1.56077e-07
1.48465e-07
1.41225e-07
1.34337e-07
1.27785e-07
1.21553e-07
1.15625e-07
1.09986e-07
1.04622e-07
9.95193e-08
9.46657e-08
9.00488e-08
8.56571e-08
8.14795e-08
7.75057e-08
7.37257e-08
7.01301e-08
6.67098e-08
6.34563e-08
6.03615e-08
5.74176e-08
5.46174e-08
5.19536e-08
4.94198e-08
4.70096e-08
4.47169e-08
4.2536e-08
4.04615e-08
3.84882e-08
3.66111e-08
3.48256e-08
3.31271e-08
3.15115e-08
2.99746e-08
2.85128e-08
2.71222e-08
2.57994e-08
2.45412e-08
2.33443e-08
2.22058e-08
2.11228e-08
2.00926e-08
1.91127e-08
1.81805e-08
1.72939e-08
1.64504e-08
1.56481e-08
1.4885e-08
1.4159e-08
1.34685e-08
1.28116e-08
1.21868e-08
1.15924e-08
1.10271e-08
1.04893e-08
9.97769e-09
9.49107e-09
9.02819e-09
8.58788e-09
8.16904e-09
7.77063e-09
7.39165e-09
7.03116e-09
6.68825e-09
6.36206e-09
6.05178e-09
5.75663e-09
5.47587e-09
5.20881e-09
4.95477e-09
4.71313e-09
4.48327e-09
4.26461e-09
4.05663e-09
3.85878e-09
3.67059e-09
3.49157e-09
3.32128e-09
3.1593e-09
3.00522e-09
2.85866e-09
2.71924e-09
2.58662e-09
2.46047e-09
2.34047e-09
2.22632e-09
2.11774e-09
2.01446e-09
1.91621e-09
1.82276e-09
1.73386e-09
1.6493e-09
1.56886e-09
1.49235e-09
1.41957e-09
1.35033e-09
1.28448e-09
1.22183e-09
1.16224e-09
1.10556e-09
1.05164e-09
1.00035e-09
9.51564e-10
9.05156e-10
8.61011e-10
8.19019e-10
7.79075e-10
7.41079e-10
7.04936e-10
6.70556e-10
6.37852e-10
6.06744e-10
5.77153e-10
5.49005e-10
5.22229e-10
4.9676e-10
4.72533e-10
4.49487e-10
4.27565e-10
4.06713e-10
3.86877e-10
3.68009e-10
3.50061e-10
3.32988e-10
3.16748e-10
3.013e-10
2.86606e-10
2.72628e-10
2.59331e-10
2.46684e-10
2.34653e-10
2.23209e-10
2.12323e-10
2.01968e-10
1.92117e-10
1.82748e-10
1.73835e-10
1.65357e-10
1.57292e-10
1.49621e-10
1.42324e-10
1.35383e-10
1.2878e-10
1.22499e-10
1.16525e-10
1.10842e-10
1.05436e-10
1.00294e-10
9.54027e-11
9.07499e-11
8.63239e-11
8.21139e-11
7.81091e-11
7.42997e-11
7.06761e-11
6.72291e-11
6.39503e-11
6.08314e-11
5.78647e-11
5.50426e-11
5.23581e-11
4.98046e-11
4.73756e-11
4.5065e-11
4.28672e-11
4.07765e-11
3.87878e-11
3.68961e-11
3.50967e-11
3.3385e-11
3.17568e-11
3.0208e-11
2.87347e-11
2.73333e-11
2.60003e-11
2.47322e-11
2.3526e-11
2.23786e-11
2.12872e-11
2.0249e-11
1.92615e-11
1.83221e-11
1.74285e-11
1.65785e-11
1.577e-11
1.50009e-11
1.42693e-11
1.35733e-11
1.29114e-11
1.22817e-11
1.16827e-11
1.11129e-11
1.05709e-11
1.00554e-11
9.56496e-12
9.09848e-12
8.65474e-12
8.23264e-12
7.83113e-12
7.4492e-12
7.0859e-12
6.74032e-12
6.41159e-12
6.09889e-12
5.80144e-12
5.5185e-12
5.24936e-12
4.99335e-12
4.74982e-12
4.51817e-12
4.29782e-12
4.08821e-12
3.88882e-12
3.69916e-12
3.51875e-12
3.34714e-12
3.1839e-12
3.02862e-12
2.88091e-12
2.74041e-12
2.60676e-12
2.47962e-12
2.35869e-12
2.24366e-12
2.13423e-12
2.03014e-12
1.93113e-12
1.83695e-12
1.74736e-12
1.66214e-12
1.58108e-12
1.50397e-12
1.43062e-12
1.36085e-12
1.29448e-12
1.23134e-12
1.17129e-12
1.11417e-12
1.05983e-12
1.00814e-12
9.58972e-13
9.12203e-13
8.67714e-13
8.25395e-13
7.8514e-13
7.46848e-13
7.10424e-13
6.75776e-13
6.42818e-13
6.11468e-13
5.81646e-13
5.53279e-13
5.26295e-13
5.00627e-13
4.76212e-13
4.52986e-13
4.30894e-13
4.09879e-13
3.89889e-13
3.70874e-13
3.52786e-13
3.35581e-13
3.19214e-13
3.03646e-13
2.88837e-13
2.7475e-13
2.6135e-13
2.48604e-13
2.3648e-13
2.24946e-13
2.13976e-13
2.0354e-13
1.93613e-13
1.84171e-13
1.75188e-13
1.66644e-13
1.58517e-13
1.50786e-13
1.43432e-13
1.36437e-13
1.29783e-13
1.23453e-13
1.17432e-13
1.11705e-13
1.06257e-13
1.01075e-13
9.61455e-14
9.14564e-14
8.6996e-14
8.27532e-14
7.87172e-14
7.48782e-14
7.12263e-14
6.77526e-14
6.44482e-14
6.1305e-14
5.83152e-14
5.54711e-14
5.27657e-14
5.01923e-14
4.77444e-14
4.54159e-14
4.32009e-14
4.1094e-14
3.90898e-14
3.71834e-14
3.53699e-14
3.36449e-14
3.2004e-14
3.04432e-14
2.89585e-14
2.75461e-14
2.62027e-14
2.49248e-14
2.37092e-14
2.25529e-14
2.1453e-14
2.04067e-14
1.94114e-14
1.84647e-14
1.75642e-14
1.67076e-14
1.58927e-14
1.51176e-14
1.43803e-14
1.3679e-14
1.30119e-14
1.23773e-14
1.17736e-14
1.11994e-14
1.06532e-14
1.01337e-14
9.63943e-15
9.16931e-15
8.72212e-15
8.29674e-15
7.8921e-15
7.5072e-15
7.14107e-15
6.79279e-15
6.4615e-15
6.14637e-15
5.84661e-15
5.56147e-15
5.29023e-15
5.03222e-15
4.7868e-15
4.55335e-15
4.33128e-15
4.12004e-15
3.9191e-15
3.72796e-15
3.54615e-15
3.3732e-15
3.20869e-15
3.0522e-15
2.90334e-15
2.76174e-15
2.62705e-15
2.49893e-15
2.37705e-15
2.26112e-15
2.15085e-15
2.04595e-15
1.94617e-15
1.85125e-15
1.76097e-15
1.67508e-15
1.59339e-15
1.51568e-15
1.44176e-15
1.37144e-15
1.30456e-15
1.24093e-15
1.18041e-15
1.12284e-15
1.06808e-15
1.01599e-15
9.66438e-16
9.19305e-16
8.7447e-16
8.31821e-16
7.91253e-16
7.52663e-16
7.15955e-16
6.81038e-16
6.47823e-16
6.16228e-16
5.86174e-16
5.57586e-16
5.30393e-16
5.04525e-16
4.79919e-16
4.56513e-16
4.34249e-16
4.1307e-16
3.92924e-16
3.73761e-16
3.55533e-16
3.38193e-16
3.21699e-16
3.0601e-16
2.91086e-16
2.76889e-16
2.63385e-16
2.5054e-16
2.38321e-16
2.26698e-16
2.15642e-16
2.05125e-16
1.95121e-16
1.85604e-16
1.76552e-16
1.67942e-16
1.59751e-16
1.5196e-16
1.44549e-16
1.37499e-16
1.30793e-16
1.24414e-16
1.18347e-16
1.12575e-16
1.07084e-16
1.01862e-16
9.6894e-17
9.21684e-17
8.76733e-17
8.33974e-17
7.93301e-17
7.54611e-17
7.17808e-17
6.828e-17
6.495e-17
6.17823e-17
5.87692e-17
5.5903e-17
5.31765e-17
5.05831e-17
4.81161e-17
4.57695e-17
4.35373e-17
4.14139e-17
3.93942e-17
3.74729e-17
3.56453e-17
3.39069e-17
3.22532e-17
3.06802e-17
2.91839e-17
2.77606e-17
2.64067e-17
2.51188e-17
2.38938e-17
2.27285e-17
2.162e-17
2.05656e-17
1.95626e-17
1.86085e-17
1.77009e-17
1.68377e-17
1.60165e-17
1.52353e-17
1.44923e-17
1.37855e-17
1.31132e-17
1.24736e-17
1.18653e-17
1.12866e-17
1.07362e-17
1.02126e-17
9.71448e-18
9.2407e-18
8.79002e-18
8.36133e-18
7.95354e-18
7.56564e-18
7.19666e-18
6.84568e-18
6.51181e-18
6.19423e-18
5.89213e-18
5.60477e-18
5.33142e-18
5.0714e-18
4.82407e-18
4.5888e-18
4.365e-18
4.15211e-18
3.94961e-18
3.75699e-18
3.57376e-18
3.39946e-18
3.23367e-18
3.07596e-18
2.92594e-18
2.78324e-18
2.6475e-18
2.51838e-18
2.39556e-18
2.27873e-18
2.16759e-18
2.06188e-18
1.96132e-18
1.86566e-18
1.77468e-18
1.68812e-18
1.60579e-18
1.52748e-18
1.45298e-18
1.38212e-18
1.31471e-18
1.25059e-18
1.1896e-18
1.13158e-18
1.07639e-18
1.0239e-18
9.73962e-19
9.26462e-19
8.81278e-19
8.38297e-19
7.97413e-19
7.58523e-19
7.21529e-19
6.8634e-19
6.52867e-19
6.21026e-19
5.90738e-19
5.61927e-19
5.34522e-19
5.08453e-19
4.83655e-19
4.60067e-19
4.3763e-19
4.16286e-19
3.95984e-19
3.76671e-19
3.58301e-19
3.40826e-19
3.24204e-19
3.08392e-19
2.93352e-19
2.79045e-19
2.65436e-19
2.5249e-19
2.40176e-19
2.28463e-19
2.1732e-19
2.06722e-19
1.9664e-19
1.87049e-19
1.77927e-19
1.69249e-19
1.60995e-19
1.53143e-19
1.45674e-19
1.3857e-19
1.31811e-19
1.25383e-19
1.19268e-19
1.13451e-19
1.07918e-19
1.02655e-19
9.76483e-20
9.2886e-20
8.83559e-20
8.40467e-20
7.99477e-20
7.60486e-20
7.23397e-20
6.88116e-20
6.54556e-20
6.22633e-20
5.92267e-20
5.63382e-20
5.35905e-20
5.09769e-20
4.84907e-20
4.61258e-20
4.38762e-20
4.17364e-20
3.97009e-20
3.77646e-20
3.59228e-20
3.41708e-20
3.25043e-20
3.09191e-20
2.94111e-20
2.79767e-20
2.66123e-20
2.53144e-20
2.40798e-20
2.29054e-20
2.17883e-20
2.07257e-20
1.97149e-20
1.87534e-20
1.78387e-20
1.69687e-20
1.61412e-20
1.53539e-20
1.46051e-20
1.38928e-20
1.32153e-20
1.25708e-20
1.19577e-20
1.13745e-20
1.08197e-20
1.02921e-20
9.79011e-21
9.31264e-21
8.85846e-21
8.42643e-21
8.01546e-21
7.62455e-21
7.25269e-21
6.89897e-21
6.56251e-21
6.24245e-21
5.938e-21
5.6484e-21
5.37293e-21
5.11089e-21
4.86162e-21
4.62452e-21
4.39898e-21
4.18444e-21
3.98036e-21
3.78624e-21
3.60158e-21
3.42593e-21
3.25884e-21
3.09991e-21
2.94872e-21
2.80491e-21
2.66812e-21
2.53799e-21
2.41421e-21
2.29647e-21
2.18447e-21
2.07793e-21
1.97659e-21
1.88019e-21
1.78849e-21
1.70127e-21
1.61829e-21
1.53937e-21
1.46429e-21
1.39288e-21
1.32495e-21
1.26033e-21
1.19886e-21
1.14039e-21
1.08478e-21
1.03187e-21
9.81545e-22
9.33675e-22
8.88139e-22
8.44824e-22
8.03621e-22
7.64428e-22
7.27147e-22
6.91683e-22
6.57949e-22
6.25861e-22
5.95337e-22
5.66302e-22
5.38683e-22
5.12412e-22
4.87421e-22
4.63649e-22
4.41037e-22
4.19527e-22
3.99066e-22
3.79604e-22
3.6109e-22
3.4348e-22
3.26728e-22
3.10793e-22
2.95636e-22
2.81217e-22
2.67502e-22
2.54456e-22
2.42046e-22
2.30241e-22
2.19012e-22
2.08331e-22
1.98171e-22
1.88506e-22
1.79312e-22
1.70567e-22
1.62248e-22
1.54335e-22
1.46808e-22
1.39648e-22
1.32838e-22
1.26359e-22
1.20197e-22
1.14334e-22
1.08758e-22
1.03454e-22
9.84086e-23
9.36091e-23
8.90438e-23
8.47011e-23
8.05701e-23
7.66407e-23
7.29029e-23
6.93474e-23
6.59652e-23
6.27481e-23
5.96878e-23
5.67768e-23
5.40078e-23
5.13738e-23
4.88683e-23
4.64849e-23
4.42178e-23
4.20613e-23
4.00099e-23
3.80586e-23
3.62025e-23
3.44369e-23
3.27574e-23
3.11598e-23
2.96401e-23
2.81945e-23
2.68195e-23
2.55115e-23
2.42673e-23
